0,5,0,1
5,7,1,1
10,12,2,1
6,2,3,1
5,7,1,0
4,6,4,1
7,2,5,1
2,5,6,1
10,12,2,0
7,1,7,1
2,7,8,1
2,5,6,0
7,10,9,1
2,7,8,0
11,9,10,1
4,6,4,0
0,5,0,0
9,3,11,1
13,4,12,1
7,2,5,0
13,4,12,0
5,1,13,1
9,7,14,1
6,12,15,1
7,1,7,0
5,1,13,0
11,4,16,1
11,4,16,0
8,1,17,1
6,10,18,1
9,3,11,0
12,0,19,1
6,2,3,0
13,10,20,1
8,3,21,1
12,3,22,1
3,1,23,1
8,3,24,1
9,7,14,0
7,1,25,1
6,10,18,0
12,0,19,0
12,3,22,0
7,10,9,0
2,7,26,1
1,0,27,1
10,1,28,1
6,12,15,0
11,1,29,1
10,3,30,1
7,9,31,1
3,2,32,1
1,7,33,1
3,1,23,0
2,0,34,1
6,12,35,1
11,1,29,0
1,0,27,0
8,11,36,1
6,12,35,0
10,3,30,0
6,13,37,1
2,0,34,0
8,7,38,1
8,9,39,1
8,9,39,0
3,2,32,0
8,1,17,0
8,7,38,0
7,1,25,0
7,9,31,0
9,7,40,1
10,1,28,0
0,8,41,1
3,2,42,1
6,5,43,1
6,13,37,0
2,11,44,1
7,13,45,1
1,7,33,0
9,2,46,1
8,3,24,0
8,11,36,0
2,7,26,0
3,2,42,0
7,13,45,0
6,5,43,0
8,1,47,1
9,2,48,1
8,0,49,1
4,2,50,1
0,8,41,0
2,11,44,0
12,7,51,1
3,8,52,1
3,8,52,0
12,2,53,1
6,10,54,1
9,2,46,0
6,10,54,0
8,3,21,0
9,6,55,1
11,1,56,1
11,1,56,0
1,12,57,1
8,0,49,0
10,7,58,1
10,13,59,1
10,7,58,0
9,7,40,0
10,13,59,0
3,0,60,1
12,7,51,0
3,0,60,0
9,2,48,0
1,12,57,0
11,9,10,0
5,6,61,1
7,1,62,1
9,6,55,0
13,10,20,0
3,13,63,1
7,1,62,0
13,9,64,1
10,7,65,1
3,10,66,1
12,2,53,0
13,6,67,1
3,13,68,1
13,5,69,1
2,0,70,1
4,8,71,1
4,8,71,0
6,1,72,1
3,10,66,0
5,9,73,1
10,7,65,0
13,9,64,0
3,13,63,0
5,9,73,0
9,11,74,1
13,5,75,1
0,9,76,1
13,5,69,0
12,4,77,1
12,0,78,1
5,6,61,0
9,11,74,0
8,5,79,1
3,13,68,0
12,0,78,0
6,1,80,1
0,9,76,0
13,5,81,1
8,1,47,0
6,1,80,0
4,2,50,0
8,7,82,1
5,13,83,1
4,8,84,1
13,6,67,0
8,7,82,0
6,1,72,0
4,8,84,0
12,4,77,0
0,2,85,1
5,13,83,0
8,10,86,1
8,10,86,0
3,4,87,1
4,10,88,1
4,10,89,1
11,4,90,1
0,2,85,0
4,0,91,1
3,2,92,1
11,4,90,0
3,2,92,0
4,1,93,1
3,4,87,0
13,5,75,0
5,7,94,1
2,5,95,1
7,13,96,1
8,5,79,0
11,5,97,1
7,9,98,1
11,5,97,0
5,7,94,0
7,9,98,0
4,10,88,0
7,13,96,0
10,13,99,1
7,10,100,1
4,1,93,0
0,4,101,1
2,0,70,0
4,1,102,1
4,3,103,1
1,13,104,1
2,5,95,0
10,13,99,0
0,4,101,0
0,2,105,1
4,1,102,0
0,8,106,1
3,9,107,1
8,10,108,1
4,0,91,0
2,6,109,1
3,9,107,0
1,13,104,0
8,10,108,0
0,2,105,0
10,8,110,1
4,10,111,1
2,3,112,1
0,8,106,0
10,5,113,1
13,5,81,0
1,9,114,1
4,9,115,1
1,2,116,1
10,8,110,0
12,13,117,1
13,7,118,1
12,13,117,0
9,13,119,1
13,7,118,0
1,9,114,0
1,6,120,1
9,10,121,1
9,13,119,0
2,6,109,0
13,1,122,1
3,1,123,1
4,10,111,0
4,3,103,0
0,1,124,1
6,11,125,1
10,5,113,0
7,12,126,1
4,10,89,0
13,1,122,0
7,9,127,1
0,1,124,0
12,10,128,1
13,1,129,1
10,9,130,1
7,12,126,0
0,1,131,1
6,11,125,0
13,2,132,1
2,8,133,1
6,9,134,1
13,1,129,0
5,13,135,1
8,2,136,1
8,2,136,0
2,3,112,0
0,1,137,1
10,9,130,0
1,6,120,0
0,1,137,0
9,0,138,1
2,8,133,0
12,10,128,0
13,11,139,1
7,10,100,0
10,13,140,1
9,0,138,0
13,11,139,0
0,1,131,0
4,11,141,1
11,9,142,1
0,1,143,1
0,3,144,1
6,9,134,0
6,0,145,1
13,11,146,1
0,3,144,0
5,1,147,1
1,2,116,0
5,13,135,0
13,2,132,0
7,9,127,0
0,1,143,0
4,9,115,0
9,3,148,1
5,10,149,1
10,13,140,0
13,7,150,1
12,9,151,1
7,10,152,1
5,1,147,0
9,1,153,1
11,9,142,0
13,9,154,1
8,13,155,1
9,10,121,0
0,7,156,1
3,1,157,1
13,9,154,0
3,1,123,0
8,13,155,0
6,1,158,1
12,5,159,1
0,7,156,0
13,11,146,0
10,5,160,1
4,11,141,0
6,12,161,1
5,8,162,1
13,8,163,1
9,3,148,0
3,1,157,0
4,7,164,1
5,8,162,0
6,0,145,0
4,9,165,1
13,8,163,0
6,10,166,1
6,1,158,0
11,5,167,1
7,0,168,1
2,11,169,1
6,10,166,0
13,7,150,0
4,7,164,0
12,5,159,0
10,5,160,0
2,11,169,0
12,7,170,1
5,10,149,0
12,6,171,1
12,6,171,0
10,12,172,1
4,9,173,1
9,1,153,0
12,9,151,0
10,9,174,1
10,2,175,1
12,7,170,0
4,9,173,0
4,9,165,0
1,7,176,1
10,12,172,0
10,2,175,0
6,3,177,1
7,10,152,0
1,7,176,0
10,3,178,1
10,3,178,0
12,5,179,1
5,1,180,1
11,5,167,0
2,9,181,1
12,2,182,1
2,9,181,0
4,1,183,1
7,0,168,0
12,2,182,0
10,9,174,0
0,6,184,1
4,1,183,0
1,4,185,1
12,5,179,0
0,8,186,1
6,3,177,0
0,8,186,0
8,10,187,1
5,1,180,0
1,2,188,1
10,9,189,1
6,12,161,0
9,6,190,1
5,1,191,1
5,4,192,1
5,4,192,0
5,1,191,0
5,11,193,1
1,4,185,0
5,11,193,0
12,13,194,1
1,2,188,0
12,13,194,0
9,7,195,1
9,7,196,1
9,6,190,0
0,11,197,1
0,11,197,0
9,7,196,0
4,11,198,1
7,10,199,1
2,7,200,1
7,8,201,1
13,5,202,1
13,5,202,0
7,8,201,0
7,10,199,0
9,7,195,0
1,13,203,1
0,6,184,0
10,9,189,0
8,10,187,0
8,9,204,1
4,10,205,1
8,9,204,0
0,13,206,1
6,1,207,1
6,1,208,1
6,1,208,0
4,0,209,1
8,13,210,1
0,13,206,0
12,11,211,1
8,13,210,0
3,5,212,1
4,0,209,0
6,1,207,0
2,13,213,1
3,5,212,0
5,10,214,1
5,0,215,1
2,7,200,0
4,11,198,0
12,11,216,1
9,6,217,1
4,10,205,0
5,0,218,1
11,4,219,1
5,10,214,0
11,0,220,1
1,13,203,0
0,6,221,1
5,0,218,0
7,2,222,1
9,6,217,0
7,2,223,1
7,2,222,0
11,4,219,0
9,6,224,1
7,2,223,0
12,4,225,1
12,4,225,0
11,0,220,0
12,11,211,0
4,8,226,1
4,8,226,0
12,13,227,1
0,6,221,0
5,1,228,1
12,13,227,0
8,9,229,1
1,12,230,1
1,10,231,1
5,1,228,0
9,10,232,1
13,3,233,1
12,11,216,0
10,12,234,1
7,9,235,1
11,5,236,1
12,8,237,1
0,10,238,1
11,5,236,0
2,13,213,0
10,12,234,0
7,9,235,0
4,9,239,1
13,3,233,0
8,1,240,1
1,11,241,1
12,13,242,1
1,11,241,0
3,4,243,1
5,4,244,1
2,4,245,1
5,4,244,0
13,1,246,1
1,10,247,1
12,8,237,0
6,11,248,1
1,10,247,0
0,5,249,1
4,9,239,0
13,2,250,1
9,10,232,0
11,5,251,1
11,5,251,0
12,13,242,0
8,9,229,0
11,1,252,1
1,10,231,0
5,0,215,0
10,11,253,1
3,10,254,1
3,7,255,1
6,11,248,0
3,4,243,0
7,0,256,1
10,11,253,0
13,10,257,1
9,6,224,0
9,5,258,1
2,9,259,1
0,5,249,0
0,10,238,0
9,8,260,1
2,4,245,0
3,5,261,1
1,8,262,1
3,7,255,0
11,5,263,1
9,8,260,0
2,8,264,1
0,10,265,1
0,10,265,0
8,1,240,0
2,9,259,0
2,8,264,0
2,1,266,1
1,8,262,0
1,12,230,0
8,10,267,1
10,0,268,1
13,1,246,0
3,10,254,0
0,1,269,1
11,1,252,0
11,5,263,0
13,2,270,1
0,1,269,0
3,4,271,1
7,0,256,0
6,8,272,1
6,8,272,0
3,5,261,0
3,4,271,0
13,12,273,1
10,7,274,1
7,8,275,1
10,7,274,0
3,11,276,1
3,11,276,0
1,9,277,1
9,5,258,0
10,12,278,1
13,10,257,0
11,4,279,1
1,9,277,0
8,9,280,1
8,2,281,1
7,8,275,0
13,2,250,0
8,2,281,0
6,8,282,1
0,3,283,1
10,12,278,0
12,2,284,1
10,0,268,0
8,9,280,0
2,0,285,1
11,4,279,0
6,10,286,1
0,3,283,0
0,11,287,1
8,10,267,0
2,0,288,1
11,4,289,1
1,10,290,1
7,2,291,1
7,2,291,0
13,6,292,1
11,4,289,0
12,10,293,1
6,8,282,0
0,1,294,1
2,0,285,0
5,9,295,1
13,6,292,0
10,11,296,1
2,1,266,0
13,2,270,0
13,6,297,1
0,2,298,1
1,10,290,0
9,0,299,1
4,6,300,1
1,13,301,1
2,7,302,1
10,6,303,1
2,7,302,0
6,10,286,0
10,6,303,0
12,2,284,0
8,7,304,1
5,0,305,1
10,11,296,0
9,0,299,0
13,12,273,0
4,6,306,1
10,5,307,1
1,13,301,0
5,8,308,1
2,5,309,1
4,10,310,1
7,11,311,1
0,11,287,0
4,6,306,0
9,10,312,1
2,0,288,0
4,10,310,0
9,10,312,0
12,10,293,0
0,1,294,0
1,11,313,1
4,6,300,0
4,7,314,1
13,6,315,1
5,0,305,0
3,1,316,1
3,2,317,1
6,1,318,1
1,11,313,0
0,2,298,0
7,11,311,0
3,2,317,0
13,6,315,0
4,7,314,0
13,7,319,1
6,1,318,0
5,8,308,0
2,5,309,0
5,9,320,1
13,6,297,0
8,0,321,1
11,2,322,1
3,1,316,0
10,5,307,0
8,0,321,0
8,13,323,1
10,7,324,1
0,11,325,1
11,2,322,0
0,10,326,1
9,10,327,1
10,7,324,0
5,9,295,0
0,11,325,0
0,10,326,0
13,7,319,0
5,2,328,1
2,8,329,1
13,2,330,1
7,12,331,1
7,1,332,1
7,1,332,0
4,1,333,1
2,8,329,0
13,4,334,1
10,7,335,1
13,6,336,1
13,2,330,0
9,10,337,1
13,7,338,1
11,9,339,1
7,12,331,0
6,12,340,1
9,10,341,1
8,13,323,0
9,10,327,0
4,1,333,0
13,5,342,1
13,6,336,0
3,1,343,1
13,7,338,0
8,7,304,0
5,2,328,0
4,7,344,1
11,9,339,0
3,13,345,1
12,9,346,1
8,7,347,1
13,4,334,0
1,13,348,1
1,13,348,0
12,7,349,1
13,5,342,0
13,7,350,1
5,9,320,0
12,7,349,0
9,10,351,1
9,10,341,0
10,2,352,1
10,7,335,0
3,2,353,1
4,7,344,0
1,7,354,1
6,12,340,0
10,7,355,1
3,13,345,0
8,7,347,0
9,10,337,0
2,13,356,1
10,7,355,0
5,7,357,1
6,5,358,1
1,7,354,0
12,9,346,0
4,0,359,1
8,6,360,1
9,10,351,0
7,6,361,1
13,4,362,1
2,13,356,0
13,7,350,0
6,5,358,0
13,4,362,0
4,9,363,1
4,9,363,0
4,0,359,0
9,0,364,1
8,12,365,1
3,6,366,1
7,6,361,0
0,1,367,1
2,13,368,1
8,5,369,1
8,12,365,0
10,2,352,0
10,8,370,1
2,0,371,1
2,13,368,0
0,1,367,0
2,0,371,0
7,0,372,1
3,10,373,1
4,11,374,1
0,5,375,1
1,3,376,1
9,13,377,1
13,6,378,1
9,0,364,0
1,3,376,0
3,10,373,0
8,1,379,1
9,13,377,0
3,6,366,0
8,1,379,0
9,4,380,1
3,1,343,0
5,7,357,0
3,2,353,0
8,6,360,0
6,9,381,1
10,8,370,0
8,5,369,0
9,4,380,0
0,5,375,0
5,12,382,1
13,6,378,0
5,6,383,1
2,13,384,1
2,13,384,0
1,3,385,1
5,6,383,0
7,0,372,0
4,11,374,0
6,9,381,0
3,6,386,1
5,12,382,0
4,11,387,1
5,8,388,1
3,6,386,0
10,3,389,1
3,12,390,1
12,13,391,1
10,3,389,0
5,8,388,0
1,3,385,0
9,0,392,1
12,13,391,0
8,7,393,1
9,0,394,1
5,3,395,1
2,10,396,1
9,0,394,0
5,3,395,0
2,10,397,1
8,7,393,0
3,7,398,1
9,3,399,1
8,9,400,1
9,10,401,1
2,10,396,0
4,11,387,0
2,10,397,0
5,7,402,1
8,10,403,1
7,5,404,1
9,10,401,0
9,1,405,1
3,7,398,0
9,3,399,0
10,3,406,1
9,3,407,1
8,9,400,0
2,3,408,1
7,0,409,1
9,1,410,1
6,13,411,1
0,5,412,1
13,12,413,1
6,13,411,0
10,8,414,1
3,5,415,1
3,12,390,0
2,3,408,0
9,3,407,0
7,0,409,0
5,7,402,0
7,5,404,0
1,7,416,1
0,5,412,0
5,12,417,1
3,5,415,0
13,12,413,0
10,9,418,1
5,12,417,0
11,0,419,1
9,8,420,1
13,2,421,1
9,1,405,0
9,0,392,0
13,3,422,1
11,0,419,0
10,9,418,0
6,5,423,1
1,7,416,0
6,4,424,1
6,13,425,1
11,3,426,1
10,3,406,0
11,3,426,0
7,5,427,1
13,2,421,0
3,8,428,1
4,13,429,1
2,3,430,1
4,1,431,1
7,5,427,0
6,5,423,0
6,5,432,1
9,1,410,0
5,4,433,1
5,3,434,1
2,3,430,0
3,9,435,1
3,9,436,1
13,1,437,1
10,8,414,0
3,9,435,0
4,1,431,0
12,1,438,1
6,11,439,1
6,13,425,0
5,1,440,1
3,9,436,0
3,8,428,0
1,12,441,1
5,3,434,0
3,12,442,1
4,12,443,1
3,12,442,0
8,6,444,1
10,5,445,1
6,4,424,0
13,12,446,1
8,10,403,0
6,11,439,0
10,5,445,0
13,12,446,0
0,1,447,1
12,1,438,0
8,3,448,1
4,12,443,0
13,3,422,0
6,12,449,1
2,0,450,1
13,8,451,1
9,8,452,1
2,0,450,0
11,10,453,1
9,8,452,0
8,6,444,0
11,10,453,0
8,5,454,1
8,5,454,0
1,4,455,1
13,8,451,0
6,13,456,1
5,6,457,1
5,4,433,0
3,2,458,1
6,13,456,0
6,11,459,1
4,13,429,0
13,1,437,0
9,3,460,1
0,2,461,1
2,3,462,1
1,4,455,0
3,2,458,0
3,2,463,1
8,0,464,1
5,6,457,0
9,3,460,0
3,2,465,1
6,11,459,0
4,1,466,1
0,2,461,0
6,5,432,0
2,3,462,0
6,12,449,0
9,7,467,1
9,7,467,0
0,1,447,0
7,5,468,1
5,3,469,1
3,2,463,0
4,9,470,1
10,4,471,1
7,5,468,0
5,1,440,0
1,12,441,0
6,3,472,1
4,9,470,0
10,4,471,0
2,13,473,1
11,12,474,1
11,12,474,0
6,13,475,1
13,7,476,1
12,2,477,1
2,12,478,1
9,8,420,0
10,7,479,1
11,2,480,1
7,10,481,1
9,6,482,1
7,10,481,0
2,12,483,1
10,7,479,0
2,13,473,0
11,2,484,1
2,12,478,0
4,1,466,0
13,7,476,0
2,12,483,0
11,2,484,0
8,0,464,0
6,13,475,0
10,5,485,1
10,5,485,0
6,3,472,0
11,8,486,1
11,2,487,1
4,9,488,1
11,2,487,0
8,7,489,1
8,1,490,1
12,4,491,1
13,8,492,1
3,2,465,0
12,4,491,0
13,8,492,0
9,1,493,1
11,9,494,1
12,2,477,0
11,8,486,0
11,9,494,0
9,8,495,1
12,0,496,1
8,10,497,1
5,3,469,0
7,10,498,1
8,7,489,0
1,4,499,1
11,2,480,0
9,6,482,0
4,0,500,1
8,10,497,0
1,4,499,0
8,3,448,0
1,4,501,1
9,1,493,0
10,7,502,1
6,0,503,1
4,0,500,0
4,9,488,0
8,1,490,0
4,10,504,1
12,0,496,0
1,4,501,0
7,10,498,0
9,8,505,1
6,10,506,1
9,8,505,0
6,10,506,0
7,9,507,1
10,6,508,1
8,10,509,1
8,10,509,0
3,13,510,1
12,2,511,1
13,6,512,1
0,3,513,1
0,3,513,0
13,6,512,0
7,9,507,0
10,6,508,0
5,12,514,1
9,7,515,1
4,9,516,1
3,2,517,1
1,11,518,1
3,2,517,0
8,5,519,1
7,5,520,1
13,8,521,1
1,3,522,1
3,13,510,0
3,7,523,1
1,12,524,1
12,2,511,0
3,7,525,1
7,10,526,1
5,11,527,1
8,5,519,0
6,0,503,0
10,11,528,1
7,5,529,1
7,5,520,0
7,5,529,0
7,10,526,0
4,9,530,1
6,11,531,1
5,11,527,0
1,12,524,0
3,7,525,0
10,11,528,0
4,10,504,0
4,9,516,0
13,8,521,0
6,11,531,0
2,13,532,1
9,8,495,0
1,6,533,1
3,7,523,0
10,7,502,0
2,13,532,0
9,7,515,0
1,6,533,0
1,11,518,0
13,1,534,1
1,3,522,0
1,0,535,1
0,3,536,1
4,9,537,1
1,0,535,0
13,1,534,0
4,9,530,0
8,0,538,1
4,2,539,1
5,12,514,0
13,11,540,1
12,9,541,1
12,9,541,0
4,7,542,1
4,2,539,0
4,7,542,0
7,5,543,1
2,10,544,1
13,11,540,0
2,10,544,0
4,9,537,0
3,0,545,1
4,12,546,1
4,5,547,1
7,5,543,0
4,9,548,1
9,6,549,1
0,12,550,1
0,13,551,1
4,9,548,0
8,0,538,0
9,6,549,0
2,3,552,1
8,13,553,1
12,5,554,1
4,12,546,0
0,13,551,0
2,1,555,1
3,0,545,0
10,3,556,1
6,3,557,1
1,3,558,1
8,13,553,0
6,3,557,0
3,12,559,1
13,7,560,1
13,7,560,0
11,1,561,1
0,12,550,0
3,12,559,0
2,1,555,0
3,6,562,1
6,12,563,1
10,3,556,0
8,3,564,1
3,8,565,1
8,3,566,1
13,8,567,1
11,1,561,0
12,5,554,0
4,5,547,0
13,8,567,0
0,3,536,0
9,1,568,1
12,8,569,1
0,1,570,1
1,3,558,0
10,4,571,1
2,3,552,0
10,3,572,1
0,1,570,0
12,3,573,1
12,8,574,1
3,8,565,0
8,3,564,0
12,3,573,0
3,6,562,0
9,4,575,1
10,4,571,0
7,6,576,1
12,7,577,1
9,1,568,0
7,6,576,0
7,2,578,1
11,4,579,1
11,4,579,0
12,7,577,0
7,2,578,0
11,8,580,1
8,3,566,0
5,13,581,1
3,5,582,1
5,13,581,0
9,4,575,0
10,7,583,1
12,8,569,0
10,7,583,0
8,2,584,1
12,13,585,1
3,5,582,0
11,1,586,1
12,8,574,0
4,2,587,1
0,10,588,1
13,7,589,1
4,10,590,1
1,8,591,1
11,1,586,0
8,1,592,1
3,8,593,1
4,2,587,0
13,5,594,1
2,11,595,1
10,3,596,1
12,13,585,0
4,10,590,0
9,12,597,1
10,3,596,0
1,3,598,1
13,7,589,0
1,3,598,0
10,0,599,1
2,11,595,0
8,5,600,1
0,10,588,0
7,10,601,1
8,1,592,0
6,10,602,1
7,10,601,0
11,8,580,0
9,12,597,0
10,0,599,0
7,1,603,1
10,3,572,0
12,6,604,1
6,5,605,1
8,2,584,0
1,8,591,0
8,5,600,0
3,8,593,0
7,1,603,0
13,3,606,1
13,3,606,0
2,10,607,1
2,5,608,1
2,5,608,0
13,5,594,0
11,13,609,1
11,13,609,0
6,5,605,0
5,7,610,1
3,6,611,1
5,4,612,1
6,12,563,0
12,10,613,1
3,6,611,0
11,8,614,1
5,4,612,0
1,7,615,1
1,7,615,0
3,0,616,1
3,0,616,0
11,8,614,0
8,1,617,1
8,1,618,1
8,1,618,0
3,5,619,1
5,10,620,1
5,10,620,0
4,9,621,1
12,4,622,1
5,3,623,1
12,10,613,0
8,1,617,0
5,3,623,0
12,4,622,0
7,8,624,1
5,7,610,0
5,8,625,1
3,5,619,0
4,6,626,1
12,3,627,1
12,6,604,0
5,8,625,0
12,3,627,0
5,13,628,1
4,9,621,0
8,3,629,1
4,6,626,0
4,10,630,1
1,8,631,1
1,8,631,0
2,5,632,1
10,2,633,1
4,10,630,0
5,8,634,1
9,1,635,1
8,3,629,0
6,12,636,1
6,1,637,1
2,5,632,0
0,13,638,1
5,8,634,0
0,11,639,1
6,8,640,1
9,6,641,1
12,9,642,1
5,13,628,0
7,3,643,1
0,13,638,0
6,1,637,0
12,9,642,0
6,8,640,0
10,2,633,0
10,7,644,1
6,10,602,0
0,1,645,1
3,11,646,1
9,1,635,0
0,1,645,0
2,10,607,0
5,8,647,1
11,13,648,1
1,8,649,1
3,8,650,1
6,8,651,1
2,5,652,1
10,6,653,1
10,6,653,0
1,2,654,1
3,1,655,1
1,2,654,0
11,10,656,1
11,0,657,1
11,13,648,0
0,5,658,1
3,8,650,0
7,3,643,0
7,8,624,0
11,10,656,0
3,1,655,0
6,12,636,0
1,4,659,1
2,6,660,1
7,1,661,1
1,4,659,0
3,11,646,0
2,10,662,1
12,2,663,1
2,5,652,0
10,13,664,1
9,10,665,1
0,11,639,0
12,2,663,0
9,10,665,0
11,0,657,0
4,13,666,1
7,5,667,1
12,9,668,1
12,9,668,0
5,6,669,1
10,7,644,0
5,8,647,0
7,1,661,0
0,13,670,1
0,5,658,0
2,4,671,1
6,8,651,0
2,10,662,0
9,6,641,0
0,13,670,0
13,2,672,1
10,13,664,0
5,9,673,1
8,13,674,1
7,5,667,0
5,9,673,0
7,2,675,1
13,2,672,0
2,4,671,0
9,10,676,1
4,13,666,0
5,7,677,1
5,6,669,0
3,11,678,1
3,11,678,0
0,12,679,1
8,13,674,0
0,12,679,0
2,6,660,0
5,4,680,1
6,0,681,1
9,11,682,1
0,6,683,1
12,1,684,1
4,3,685,1
3,11,686,1
3,11,686,0
4,5,687,1
9,10,676,0
4,3,685,0
5,7,677,0
11,2,688,1
7,4,689,1
7,2,675,0
5,13,690,1
5,7,691,1
6,3,692,1
4,5,687,0
5,7,691,0
6,3,692,0
0,7,693,1
12,10,694,1
9,11,682,0
4,10,695,1
13,9,696,1
1,8,649,0
7,10,697,1
4,10,695,0
12,10,694,0
1,13,698,1
0,12,699,1
7,10,697,0
0,6,683,0
12,1,684,0
7,4,689,0
13,9,696,0
11,2,688,0
0,12,699,0
8,4,700,1
10,8,701,1
1,13,698,0
4,1,702,1
11,4,703,1
3,13,704,1
5,13,690,0
12,0,705,1
8,0,706,1
9,6,707,1
12,9,708,1
9,6,707,0
7,8,709,1
0,7,693,0
4,2,710,1
11,5,711,1
6,0,681,0
8,12,712,1
7,8,709,0
6,0,713,1
3,13,704,0
5,7,714,1
12,9,708,0
5,4,715,1
3,6,716,1
1,6,717,1
1,6,717,0
7,2,718,1
11,4,703,0
4,3,719,1
8,12,712,0
11,8,720,1
8,7,721,1
12,0,705,0
5,1,722,1
4,1,702,0
2,3,723,1
4,3,719,0
11,8,720,0
4,9,724,1
8,0,706,0
4,2,710,0
2,11,725,1
7,12,726,1
8,7,721,0
7,5,727,1
11,5,711,0
5,4,680,0
6,0,713,0
3,1,728,1
13,0,729,1
2,3,723,0
5,4,715,0
3,2,730,1
13,9,731,1
7,5,727,0
8,11,732,1
0,10,733,1
4,9,724,0
13,12,734,1
4,7,735,1
9,5,736,1
13,9,731,0
10,7,737,1
13,2,738,1
2,11,725,0
10,7,737,0
13,5,739,1
5,1,722,0
10,8,701,0
7,6,740,1
0,10,733,0
1,2,741,1
3,2,730,0
7,2,718,0
0,12,742,1
1,4,743,1
7,6,740,0
5,11,744,1
3,4,745,1
13,0,729,0
3,1,728,0
13,5,739,0
8,4,700,0
3,4,745,0
8,11,732,0
12,9,746,1
5,11,744,0
6,7,747,1
0,12,742,0
8,2,748,1
12,9,746,0
8,2,748,0
5,1,749,1
4,7,735,0
9,8,750,1
1,2,741,0
11,2,751,1
5,7,714,0
12,6,752,1
6,7,747,0
11,2,751,0
1,13,753,1
13,12,734,0
12,4,754,1
1,13,753,0
12,7,755,1
12,4,754,0
9,8,750,0
1,4,743,0
13,5,756,1
13,8,757,1
12,6,752,0
13,8,757,0
5,4,758,1
13,12,759,1
13,2,738,0
10,7,760,1
3,6,716,0
1,2,761,1
0,4,762,1
13,12,759,0
2,12,763,1
13,5,756,0
10,7,760,0
1,8,764,1
1,8,764,0
6,1,765,1
2,13,766,1
0,4,762,0
7,0,767,1
6,1,765,0
0,2,768,1
3,0,769,1
9,5,736,0
1,2,761,0
2,12,763,0
2,13,766,0
12,7,755,0
5,10,770,1
7,12,726,0
3,0,769,0
6,10,771,1
5,1,749,0
6,8,772,1
4,1,773,1
5,4,758,0
4,1,773,0
6,12,774,1
0,2,768,0
9,3,775,1
6,8,772,0
6,10,771,0
10,12,776,1
6,10,777,1
4,8,778,1
8,6,779,1
12,11,780,1
4,9,781,1
7,4,782,1
2,7,783,1
7,0,767,0
4,13,784,1
4,13,784,0
7,4,782,0
6,11,785,1
10,12,776,0
6,11,785,0
4,9,781,0
2,7,783,0
2,10,786,1
5,10,770,0
12,5,787,1
12,13,788,1
9,3,775,0
12,8,789,1
4,8,778,0
12,5,787,0
6,10,790,1
10,11,791,1
3,7,792,1
12,11,780,0
5,10,793,1
12,8,789,0
12,3,794,1
12,3,794,0
5,10,793,0
8,6,779,0
6,10,777,0
13,2,795,1
13,2,795,0
8,7,796,1
12,13,788,0
12,7,797,1
11,13,798,1
6,10,790,0
5,8,799,1
0,3,800,1
0,2,801,1
3,13,802,1
1,4,803,1
11,13,798,0
3,6,804,1
0,4,805,1
5,12,806,1
3,6,804,0
8,4,807,1
5,12,806,0
8,2,808,1
8,2,808,0
3,7,792,0
8,7,796,0
12,7,797,0
8,4,807,0
5,8,799,0
3,10,809,1
3,10,809,0
11,3,810,1
7,3,811,1
6,12,774,0
5,11,812,1
4,3,813,1
0,3,800,0
7,3,811,0
5,11,812,0
1,4,803,0
8,6,814,1
3,13,802,0
12,3,815,1
0,4,805,0
1,7,816,1
9,6,817,1
1,7,816,0
8,13,818,1
12,2,819,1
0,7,820,1
10,6,821,1
12,3,815,0
3,6,822,1
2,10,786,0
0,12,823,1
4,12,824,1
5,2,825,1
5,1,826,1
12,4,827,1
2,1,828,1
5,1,826,0
12,5,829,1
8,0,830,1
8,13,818,0
0,3,831,1
4,3,813,0
8,0,830,0
12,2,819,0
13,3,832,1
11,3,810,0
6,0,833,1
2,3,834,1
6,0,833,0
5,2,825,0
12,2,835,1
10,3,836,1
3,6,822,0
10,6,821,0
8,4,837,1
13,1,838,1
11,8,839,1
8,6,814,0
12,4,827,0
10,3,836,0
12,3,840,1
4,2,841,1
2,1,828,0
12,2,835,0
4,2,841,0
12,3,840,0
4,12,824,0
5,2,842,1
4,7,843,1
12,5,829,0
4,7,843,0
0,3,831,0
8,9,844,1
5,2,842,0
11,8,839,0
1,12,845,1
9,6,817,0
6,2,846,1
10,11,791,0
8,11,847,1
8,9,844,0
3,6,848,1
8,11,847,0
1,0,849,1
5,10,850,1
0,3,851,1
8,4,837,0
11,1,852,1
1,2,853,1
3,6,848,0
0,12,823,0
1,2,853,0
9,10,854,1
0,4,855,1
13,1,838,0
2,3,834,0
13,3,832,0
0,3,851,0
6,2,846,0
11,1,852,0
11,7,856,1
1,0,849,0
9,7,857,1
2,4,858,1
1,12,845,0
9,8,859,1
1,2,860,1
10,13,861,1
9,8,859,0
0,2,801,0
1,2,860,0
0,7,820,0
0,4,855,0
9,7,862,1
11,5,863,1
8,2,864,1
6,8,865,1
9,7,862,0
0,12,866,1
12,7,867,1
12,7,867,0
11,0,868,1
8,4,869,1
9,10,854,0
0,13,870,1
3,1,871,1
6,8,865,0
12,9,872,1
11,5,863,0
0,12,866,0
9,7,857,0
11,7,856,0
4,6,873,1
4,5,874,1
4,13,875,1
5,3,876,1
6,0,877,1
4,13,875,0
2,8,878,1
6,11,879,1
6,1,880,1
8,4,869,0
11,0,868,0
6,1,880,0
5,7,881,1
12,8,882,1
11,2,883,1
4,6,873,0
2,4,858,0
12,9,872,0
5,10,850,0
6,0,877,0
0,9,884,1
0,9,884,0
10,13,861,0
9,2,885,1
5,9,886,1
0,13,870,0
9,2,885,0
5,7,887,1
12,0,888,1
12,0,888,0
9,3,889,1
5,1,890,1
10,4,891,1
9,3,889,0
11,12,892,1
5,9,886,0
11,12,892,0
5,1,890,0
9,8,893,1
2,8,878,0
13,1,894,1
8,2,864,0
7,6,895,1
9,8,893,0
5,7,881,0
10,4,891,0
12,8,882,0
6,11,879,0
7,0,896,1
4,8,897,1
13,5,898,1
5,3,876,0
8,13,899,1
11,2,883,0
10,8,900,1
2,5,901,1
4,8,897,0
4,5,874,0
3,7,902,1
7,0,896,0
6,5,903,1
2,5,901,0
7,6,895,0
6,4,904,1
13,1,894,0
8,13,905,1
6,5,903,0
11,3,906,1
8,13,899,0
8,4,907,1
8,11,908,1
13,11,909,1
9,2,910,1
11,3,906,0
0,3,911,1
0,3,911,0
3,7,902,0
1,8,912,1
7,11,913,1
6,10,914,1
6,7,915,1
8,11,908,0
8,4,907,0
5,7,887,0
13,11,909,0
3,1,871,0
6,7,915,0
10,8,900,0
13,5,898,0
4,8,916,1
8,1,917,1
9,2,910,0
6,8,918,1
9,12,919,1
3,10,920,1
6,4,904,0
6,10,914,0
8,1,917,0
8,13,905,0
11,2,921,1
4,8,916,0
13,0,922,1
7,13,923,1
7,13,923,0
4,2,924,1
3,10,920,0
9,12,919,0
0,3,925,1
6,8,918,0
7,3,926,1
0,3,925,0
12,7,927,1
7,11,913,0
1,8,912,0
2,7,928,1
12,6,929,1
9,8,930,1
12,6,929,0
9,8,930,0
5,7,931,1
13,0,922,0
4,0,932,1
6,8,933,1
11,2,921,0
11,1,934,1
12,7,927,0
4,2,924,0
6,8,933,0
12,6,935,1
11,8,936,1
4,0,932,0
9,11,937,1
13,3,938,1
5,7,931,0
6,2,939,1
11,8,936,0
1,2,940,1
11,3,941,1
1,2,940,0
2,5,942,1
7,1,943,1
12,4,944,1
3,5,945,1
12,4,944,0
8,11,946,1
4,13,947,1
2,7,928,0
3,5,945,0
7,3,926,0
7,1,943,0
8,11,946,0
13,2,948,1
3,12,949,1
9,8,950,1
10,3,951,1
11,3,952,1
9,11,937,0
10,9,953,1
10,2,954,1
9,8,950,0
9,1,955,1
10,6,956,1
13,3,938,0
2,8,957,1
9,6,958,1
5,7,959,1
2,8,957,0
13,2,948,0
1,3,960,1
10,9,953,0
2,1,961,1
2,5,942,0
10,2,954,0
2,1,961,0
9,5,962,1
3,0,963,1
5,8,964,1
1,3,960,0
6,2,939,0
11,3,952,0
9,5,962,0
12,6,935,0
3,10,965,1
9,12,966,1
5,0,967,1
2,9,968,1
9,1,955,0
10,6,956,0
6,2,969,1
13,11,970,1
5,8,964,0
3,10,965,0
4,13,947,0
9,13,971,1
1,3,972,1
13,11,970,0
5,0,967,0
7,10,973,1
13,7,974,1
3,6,975,1
3,0,963,0
7,4,976,1
6,2,969,0
10,3,951,0
11,6,977,1
9,12,966,0
13,9,978,1
11,1,934,0
11,3,941,0
1,3,972,0
3,1,979,1
0,11,980,1
7,4,976,0
5,7,959,0
13,4,981,1
4,2,982,1
4,3,983,1
0,7,984,1
11,6,977,0
9,13,971,0
0,13,985,1
3,12,949,0
7,10,973,0
13,9,978,0
11,6,986,1
3,1,979,0
13,4,981,0
2,9,968,0
4,11,987,1
4,0,988,1
4,11,987,0
4,0,988,0
10,4,989,1
9,6,958,0
4,6,990,1
4,3,983,0
3,12,991,1
6,3,992,1
5,3,993,1
2,5,994,1
3,6,975,0
11,6,986,0
5,3,993,0
13,4,995,1
10,4,989,0
5,8,996,1
13,4,995,0
0,13,985,0
4,2,982,0
2,5,994,0
0,3,997,1
7,0,998,1
9,3,999,1
13,7,974,0
5,8,996,0
3,12,991,0
4,6,990,0
0,11,980,0
7,0,998,0
0,3,997,0
0,7,984,0
6,3,992,0
9,3,999,0
